-3	0.00012341
-2.99	0.000131028
-2.98	0.000139089
-2.97	0.000147615
-2.96	0.000156634
-2.95	0.00016617
-2.94	0.000176251
-2.93	0.000186907
-2.92	0.000198167
-2.91	0.000210064
-2.9	0.00022263
-2.89	0.000235901
-2.88	0.000249912
-2.87	0.000264704
-2.86	0.000280314
-2.85	0.000296786
-2.84	0.000314163
-2.83	0.00033249
-2.82	0.000351817
-2.81	0.000372192
-2.8	0.000393669
-2.79	0.000416302
-2.78	0.000440148
-2.77	0.000465267
-2.76	0.000491721
-2.75	0.000519575
-2.74	0.000548897
-2.73	0.000579758
-2.72	0.000612232
-2.71	0.000646395
-2.7	0.000682328
-2.69	0.000720115
-2.68	0.000759842
-2.67	0.000801601
-2.66	0.000845485
-2.65	0.000891594
-2.64	0.000940029
-2.63	0.000990897
-2.62	0.001044309
-2.61	0.00110038
-2.6	0.001159229
-2.59	0.001220982
-2.58	0.001285767
-2.57	0.001353719
-2.56	0.001424976
-2.55	0.001499685
-2.54	0.001577995
-2.53	0.001660063
-2.52	0.001746049
-2.51	0.001836121
-2.5	0.001930454
-2.49	0.002029228
-2.48	0.002132629
-2.47	0.00224085
-2.46	0.002354092
-2.45	0.002472563
-2.44	0.002596476
-2.43	0.002726054
-2.42	0.002861527
-2.41	0.003003131
-2.4	0.003151112
-2.39	0.003305723
-2.38	0.003467227
-2.37	0.003635895
-2.36	0.003812005
-2.35	0.003995846
-2.34	0.004187715
-2.33	0.00438792
-2.32	0.004596776
-2.31	0.004814611
-2.3	0.00504176
-2.29	0.00527857
-2.28	0.005525398
-2.27	0.005782611
-2.26	0.006050587
-2.25	0.006329715
-2.24	0.006620397
-2.23	0.006923042
-2.22	0.007238075
-2.21	0.00756593
-2.2	0.007907054
-2.19	0.008261906
-2.18	0.008630956
-2.17	0.009014688
-2.16	0.009413598
-2.15	0.009828195
-2.14	0.010258999
-2.13	0.010706545
-2.12	0.011171381
-2.11	0.011654068
-2.1	0.012155178
-2.09	0.012675301
-2.08	0.013215036
-2.07	0.013774999
-2.06	0.014355818
-2.05	0.014958135
-2.04	0.015582606
-2.03	0.016229901
-2.02	0.016900704
-2.01	0.017595713
-2	0.018315639
-1.99	0.019061208
-1.98	0.01983316
-1.97	0.020632248
-1.96	0.021459239
-1.95	0.022314915
-1.94	0.02320007
-1.93	0.024115512
-1.92	0.025062063
-1.91	0.026040559
-1.9	0.027051847
-1.89	0.028096788
-1.88	0.029176257
-1.87	0.030291141
-1.86	0.031442336
-1.85	0.032630756
-1.84	0.033857322
-1.83	0.035122968
-1.82	0.03642864
-1.81	0.037775294
-1.8	0.039163895
-1.79	0.040595421
-1.78	0.042070857
-1.77	0.043591199
-1.76	0.04515745
-1.75	0.046770622
-1.74	0.048431735
-1.73	0.050141814
-1.72	0.051901894
-1.71	0.053713012
-1.7	0.055576213
-1.69	0.057492545
-1.68	0.05946306
-1.67	0.061488814
-1.66	0.063570866
-1.65	0.065710273
-1.64	0.067908097
-1.63	0.070165398
-1.62	0.072483234
-1.61	0.074862663
-1.6	0.07730474
-1.59	0.079810516
-1.58	0.082381037
-1.57	0.085017344
-1.56	0.08772047
-1.55	0.090491442
-1.54	0.093331277
-1.53	0.096240982
-1.52	0.099221555
-1.51	0.102273979
-1.5	0.105399225
-1.49	0.108598248
-1.48	0.111871991
-1.47	0.115221375
-1.46	0.118647306
-1.45	0.12215067
-1.44	0.12573233
-1.43	0.129393129
-1.42	0.133133885
-1.41	0.136955394
-1.4	0.140858421
-1.39	0.144843707
-1.38	0.148911963
-1.37	0.153063869
-1.36	0.157300074
-1.35	0.161621192
-1.34	0.166027806
-1.33	0.170520458
-1.32	0.175099657
-1.31	0.179765869
-1.3	0.184519524
-1.29	0.189361006
-1.28	0.194290659
-1.27	0.19930878
-1.26	0.204415621
-1.25	0.209611387
-1.24	0.214896234
-1.23	0.220270267
-1.22	0.22573354
-1.21	0.231286055
-1.2	0.236927759
-1.19	0.242658542
-1.18	0.248478241
-1.17	0.254386631
-1.16	0.260383431
-1.15	0.266468298
-1.14	0.272640828
-1.13	0.278900553
-1.12	0.285246945
-1.11	0.291679407
-1.1	0.298197279
-1.09	0.304799834
-1.08	0.311486276
-1.07	0.318255742
-1.06	0.325107299
-1.05	0.332039945
-1.04	0.339052607
-1.03	0.34614414
-1.02	0.353313328
-1.01	0.360558882
-1	0.367879441
-0.99	0.37527357
-0.98	0.382739759
-0.97	0.390276428
-0.96	0.39788192
-0.95	0.405554505
-0.94	0.413292378
-0.93	0.42109366
-0.92	0.428956399
-0.91	0.436878568
-0.9	0.444858066
-0.89	0.452892721
-0.88	0.460980286
-0.87	0.469118442
-0.86	0.477304799
-0.85	0.485536895
-0.84	0.493812198
-0.83	0.502128106
-0.82	0.51048195
-0.81	0.51887099
-0.8	0.527292424
-0.79	0.535743381
-0.78	0.544220926
-0.77	0.552722064
-0.76	0.561243736
-0.75	0.569782825
-0.74	0.578336153
-0.73	0.586900488
-0.72	0.595472542
-0.71	0.604048975
-0.7	0.612626394
-0.69	0.621201359
-0.68	0.629770381
-0.67	0.638329928
-0.66	0.646876425
-0.65	0.655406254
-0.64	0.663915763
-0.63	0.672401262
-0.62	0.680859029
-0.61	0.689285311
-0.6	0.697676326
-0.59	0.70602827
-0.58	0.714337314
-0.57	0.72259961
-0.56	0.730811294
-0.55	0.738968488
-0.54	0.747067303
-0.53	0.755103842
-0.52	0.763074204
-0.51	0.770974485
-0.5	0.778800783
-0.49	0.786549202
-0.48	0.794215853
-0.47	0.801796856
-0.46	0.809288348
-0.45	0.816686483
-0.44	0.823987433
-0.43	0.831187398
-0.42	0.838282603
-0.41	0.845269304
-0.4	0.852143789
-0.39	0.858902386
-0.38	0.865541462
-0.37	0.872057428
-0.36	0.878446739
-0.35	0.884705905
-0.34	0.890831485
-0.33	0.896820095
-0.32	0.902668412
-0.31	0.908373174
-0.3	0.913931185
-0.29	0.919339318
-0.28	0.924594515
-0.27	0.929693795
-0.26	0.934634253
-0.25	0.939413063
-0.24	0.944027483
-0.23	0.948474855
-0.22	0.95275261
-0.21	0.956858267
-0.2	0.960789439
-0.19	0.964543834
-0.18	0.968119257
-0.17	0.971513611
-0.16	0.974724902
-0.15	0.977751237
-0.14	0.980590831
-0.13	0.983242004
-0.12	0.985703184
-0.11	0.987972911
-0.1	0.990049834
-0.09	0.991932717
-0.08	0.993620436
-0.07	0.995111985
-0.06	0.996406472
-0.05	0.997503122
-0.04	0.998401279
-0.03	0.999100405
-0.02	0.99960008
-0.01	0.999900005
-1.96752E-14	1
0.01	0.999900005
0.02	0.99960008
0.03	0.999100405
0.04	0.998401279
0.05	0.997503122
0.06	0.996406472
0.07	0.995111985
0.08	0.993620436
0.09	0.991932717
0.1	0.990049834
0.11	0.987972911
0.12	0.985703184
0.13	0.983242004
0.14	0.980590831
0.15	0.977751237
0.16	0.974724902
0.17	0.971513611
0.18	0.968119257
0.19	0.964543834
0.2	0.960789439
0.21	0.956858267
0.22	0.95275261
0.23	0.948474855
0.24	0.944027483
0.25	0.939413063
0.26	0.934634253
0.27	0.929693795
0.28	0.924594515
0.29	0.919339318
0.3	0.913931185
0.31	0.908373174
0.32	0.902668412
0.33	0.896820095
0.34	0.890831485
0.35	0.884705905
0.36	0.878446739
0.37	0.872057428
0.38	0.865541462
0.39	0.858902386
0.4	0.852143789
0.41	0.845269304
0.42	0.838282603
0.43	0.831187398
0.44	0.823987433
0.45	0.816686483
0.46	0.809288348
0.47	0.801796856
0.48	0.794215853
0.49	0.786549202
0.5	0.778800783
0.51	0.770974485
0.52	0.763074204
0.53	0.755103842
0.54	0.747067303
0.55	0.738968488
0.56	0.730811294
0.57	0.72259961
0.58	0.714337314
0.59	0.70602827
0.6	0.697676326
0.61	0.689285311
0.62	0.680859029
0.63	0.672401262
0.64	0.663915763
0.65	0.655406254
0.66	0.646876425
0.67	0.638329928
0.68	0.629770381
0.69	0.621201359
0.7	0.612626394
0.71	0.604048975
0.72	0.595472542
0.73	0.586900488
0.74	0.578336153
0.75	0.569782825
0.76	0.561243736
0.77	0.552722064
0.78	0.544220926
0.79	0.535743381
0.8	0.527292424
0.81	0.51887099
0.82	0.51048195
0.83	0.502128106
0.84	0.493812198
0.85	0.485536895
0.86	0.477304799
0.87	0.469118442
0.88	0.460980286
0.89	0.452892721
0.9	0.444858066
0.91	0.436878568
0.92	0.428956399
0.93	0.42109366
0.94	0.413292378
0.95	0.405554505
0.96	0.39788192
0.97	0.390276428
0.98	0.382739759
0.99	0.37527357
1	0.367879441
1.01	0.360558882
1.02	0.353313328
1.03	0.34614414
1.04	0.339052607
1.05	0.332039945
1.06	0.325107299
1.07	0.318255742
1.08	0.311486276
1.09	0.304799834
1.1	0.298197279
1.11	0.291679407
1.12	0.285246945
1.13	0.278900553
1.14	0.272640828
1.15	0.266468298
1.16	0.260383431
1.17	0.254386631
1.18	0.248478241
1.19	0.242658542
1.2	0.236927759
1.21	0.231286055
1.22	0.22573354
1.23	0.220270267
1.24	0.214896234
1.25	0.209611387
1.26	0.204415621
1.27	0.19930878
1.28	0.194290659
1.29	0.189361006
1.3	0.184519524
1.31	0.179765869
1.32	0.175099657
1.33	0.170520458
1.34	0.166027806
1.35	0.161621192
1.36	0.157300074
1.37	0.153063869
1.38	0.148911963
1.39	0.144843707
1.4	0.140858421
1.41	0.136955394
1.42	0.133133885
1.43	0.129393129
1.44	0.12573233
1.45	0.12215067
1.46	0.118647306
1.47	0.115221375
1.48	0.111871991
1.49	0.108598248
1.5	0.105399225
1.51	0.102273979
1.52	0.099221555
1.53	0.096240982
1.54	0.093331277
1.55	0.090491442
1.56	0.08772047
1.57	0.085017344
1.58	0.082381037
1.59	0.079810516
1.6	0.07730474
1.61	0.074862663
1.62	0.072483234
1.63	0.070165398
1.64	0.067908097
1.65	0.065710273
1.66	0.063570866
1.67	0.061488814
1.68	0.05946306
1.69	0.057492545
1.7	0.055576213
1.71	0.053713012
1.72	0.051901894
1.73	0.050141814
1.74	0.048431735
1.75	0.046770622
1.76	0.04515745
1.77	0.043591199
1.78	0.042070857
1.79	0.040595421
1.8	0.039163895
1.81	0.037775294
1.82	0.03642864
1.83	0.035122968
1.84	0.033857322
1.85	0.032630756
1.86	0.031442336
1.87	0.030291141
1.88	0.029176257
1.89	0.028096788
1.9	0.027051847
1.91	0.026040559
1.92	0.025062063
1.93	0.024115512
1.94	0.02320007
1.95	0.022314915
1.96	0.021459239
1.97	0.020632248
1.98	0.01983316
1.99	0.019061208
2	0.018315639
2.01	0.017595713
2.02	0.016900704
2.03	0.016229901
2.04	0.015582606
2.05	0.014958135
2.06	0.014355818
2.07	0.013774999
2.08	0.013215036
2.09	0.012675301
2.1	0.012155178
2.11	0.011654068
2.12	0.011171381
2.13	0.010706545
2.14	0.010258999
2.15	0.009828195
2.16	0.009413598
2.17	0.009014688
2.18	0.008630956
2.19	0.008261906
2.2	0.007907054
2.21	0.00756593
2.22	0.007238075
2.23	0.006923042
2.24	0.006620397
2.25	0.006329715
2.26	0.006050587
2.27	0.005782611
2.28	0.005525398
2.29	0.00527857
2.3	0.00504176
2.31	0.004814611
2.32	0.004596776
2.33	0.00438792
2.34	0.004187715
2.35	0.003995846
2.36	0.003812005
2.37	0.003635895
2.38	0.003467227
2.39	0.003305723
2.4	0.003151112
2.41	0.003003131
2.42	0.002861527
2.43	0.002726054
2.44	0.002596476
2.45	0.002472563
2.46	0.002354092
2.47	0.00224085
2.48	0.002132629
2.49	0.002029228
2.5	0.001930454
2.51	0.001836121
2.52	0.001746049
2.53	0.001660063
2.54	0.001577995
2.55	0.001499685
2.56	0.001424976
2.57	0.001353719
2.58	0.001285767
2.59	0.001220982
2.6	0.001159229
2.61	0.00110038
2.62	0.001044309
2.63	0.000990897
2.64	0.000940029
2.65	0.000891594
2.66	0.000845485
2.67	0.000801601
2.68	0.000759842
2.69	0.000720115
2.7	0.000682328
2.71	0.000646395
2.72	0.000612232
2.73	0.000579758
2.74	0.000548897
2.75	0.000519575
2.76	0.000491721
2.77	0.000465267
2.78	0.000440148
2.79	0.000416302
2.8	0.000393669
2.81	0.000372192
2.82	0.000351817
2.83	0.00033249
2.84	0.000314163
2.85	0.000296786
2.86	0.000280314
2.87	0.000264704
2.88	0.000249912
2.89	0.000235901
2.9	0.00022263
2.91	0.000210064
2.92	0.000198167
2.93	0.000186907
2.94	0.000176251
2.95	0.00016617
2.96	0.000156634
2.97	0.000147615
2.98	0.000139089
2.99	0.000131028
3	0.00012341
3.01	0.000116211
3.02	0.000109411
3.03	0.000102988
3.04	9.69224E-05
3.05	9.1196E-05
3.06	8.57907E-05
3.07	8.06897E-05
3.08	7.58768E-05
3.09	7.13367E-05
3.1	6.70548E-05
