1		    17.1	18.3	10.9
0.96984631	15.2	19.2	11.4
0.883022222	12.8	18.7	11.6
0.75		10.3	17.2	11.5
0.586824089	7.2	    15	    11.4
0.413175911	4.9	    12.2	10.9
0.25		3.1	    9	    10.3
0.116977778	2.3	    3.2	    9.1
0.03015369	2.3	    3.2	    9.1
3.75247E-33	3.1	    1.3	    8.6
0.03015369	4.7	    0.6	    8.2
0.116977778	7	    1	    7.9
0.25		9.8	    2.4	    7.9
0.413175911	12.6	4.7	    8.1
0.586824089	14.9	7.9	    8.6
0.75		16.8	11.2	9.2
0.883022222	17.7	14	    9.9
0.96984631	17.7	16.8	10.6
1		    16.3	18.7	11.1
0.96984631	15	    19.3	11.4
0.883022222	12.8	19	    11.7
0.75		10	    17.6	11.7
0.586824089	7.3	    14.8	11.4
0.413175911	5	    11.8	11
0.25		3.2	    8.9	    10.5
0.116977778	2.3	    5.8	    9.9
0.03015369	2.2	    3.1	    8.9
3.37722E-32	2.9	    1.4	    8.3
0.03015369	4.5	    0.6	    8
0.116977778	6.8	    0.9	    7.9
0.25		9.8	    2.2	    8.1
0.413175911	12.4	4.7	    8.2
0.586824089	14.6	7.6	    8.6
0.75		16.5	10.5	9.1
0.883022222	17.7	13.8	9.8
0.96984631	17.7	16.4	10.2
1		    17.5	18.3	10.9
